chr3	127573700	127574600	3
chr3	127574700	127575600	4
chr3	127584300	127585200	3
chr3	127590100	127591500	6
chr3	127595100	127596000	2
chr3	127597900	127598800	1
chr3	127628700	127629600	3
chr3	127629700	127630600	4
chr3	127634600	127635300	1
chr3	127672300	127673400	4
chr3	127683500	127684300	3
chr3	127690600	127691500	3
chr3	127695900	127696600	3
chr3	127697200	127698100	3
chr3	127701100	127702800	4
chr3	127706700	127707600	4
chr3	127728400	127730100	3
chr3	127746200	127747100	4
chr3	127754100	127755000	5
chr3	127890300	127891000	3
chr3	127903400	127904300	2
chr3	128010900	128011800	3
chr3	128051800	128052700	3
chr3	128067300	128068700	4
chr3	128075300	128076200	3
chr3	128076500	128077800	6
chr3	128080100	128081000	3
chr3	128123400	128124400	4
chr3	128128100	128129000	2
chr3	128133300	128134100	2
chr3	128145000	128145900	2
chr3	128152600	128153900	5
chr3	128170600	128171500	3
chr3	128190500	128191100	2
chr3	128193500	128194400	3
chr3	128195100	128196000	3
chr3	128215300	128217000	4
chr3	128226600	128227500	4
chr3	128266100	128267000	1
chr3	128339300	128339900	2
chr3	128343300	128344200	3
chr3	128344900	128345900	2
chr3	128353800	128354700	3
chr3	128380500	128381400	2
chr3	128383300	128384100	4
chr3	128409800	128410700	3
chr3	128412700	128413600	3
chr3	128415100	128417500	7
chr3	128424500	128425300	2
chr3	128426100	128427000	4
chr3	128456800	128457700	4
chr3	128482500	128483800	5
chr3	128487400	128488500	5
chr3	128495100	128496000	3
chr3	128496200	128497100	3
chr3	128497300	128498400	4
chr3	128504600	128505700	4
chr3	128532700	128533400	1
chr3	128547100	128548100	3
chr3	128548500	128549900	4
chr3	128553900	128554800	3
chr3	128573600	128574500	2
chr3	128577600	128578500	3
chr3	128584100	128585900	3
chr3	128590700	128591600	1
chr3	128605900	128606400	2
chr3	128649900	128651200	5
chr3	128680300	128681700	5
chr3	128718700	128719200	1
chr3	128723100	128724000	3
chr3	128725600	128726500	3
chr3	128758000	128758800	2
chr3	128763700	128764600	2
chr3	128784000	128784900	3
chr3	128787800	128788500	3
chr3	128794200	128795700	4
chr3	128803900	128804800	3
chr3	128805700	128806400	1
chr3	128829000	128829600	2
chr3	128829800	128830200	1
chr3	128830400	128830800	3
chr3	128831000	128831400	1
chr3	128837600	128838200	1
chr3	128842000	128842900	3
chr3	128845500	128846500	4
chr3	128864700	128866000	3
chr3	128875300	128876200	4
chr3	128879100	128880100	5
chr3	128991100	128992400	3
chr3	128993700	128994600	4
chr3	129000900	129001800	4
chr3	129013500	129013900	2
chr3	129015500	129017600	6
chr3	129022000	129022900	3
chr3	129026800	129027700	3
chr3	129053100	129054000	4
chr3	129054400	129055300	3
chr3	129056600	129057500	3
chr3	129101400	129102300	2
chr3	129104300	129105300	3
chr3	129106100	129107000	2
chr3	129112200	129112900	3
chr3	129119300	129121200	4
chr3	129121400	129122600	6
chr3	129160600	129162200	7
chr3	129183500	129184400	4
chr3	129195500	129196600	2
chr3	129211500	129212500	3
chr3	129226400	129227000	2
chr3	129228900	129229800	4
chr3	129230400	129231100	3
chr3	129238700	129239400	3
chr3	129245500	129246300	2
chr3	129249000	129250100	5
chr3	129278400	129279300	5
chr3	129279400	129280300	5
chr3	129305400	129306300	1
chr3	129314500	129315500	4
chr3	129315900	129317300	6
chr3	129327400	129328100	3
chr3	129328400	129329100	3
chr3	129343700	129345300	5
chr3	129361100	129361700	2
chr3	129383200	129383900	2
chr3	129385200	129386100	2
chr3	129399200	129400500	5
chr3	129413000	129413400	2
chr3	129413500	129414800	4
chr3	129424000	129424800	3
chr3	129428200	129429200	5
chr3	129431800	129432700	2
chr3	129439600	129440900	5
chr3	129443900	129444700	2
chr3	129447900	129448800	3
chr3	129449500	129450900	5
chr3	129461400	129463000	5
chr3	129468800	129469600	2
chr3	129481000	129481900	3
chr3	129490000	129490900	3
chr3	129535600	129536500	3
chr3	129563000	129564000	3
chr3	129586000	129587000	3
chr3	129596600	129597400	3
chr3	129599300	129600100	3
chr3	129602900	129603800	3
chr3	129606400	129607600	5
chr3	129608300	129609200	2
chr3	129612700	129613600	3
chr3	129614500	129615500	4
chr3	129626400	129627300	4
chr3	129627700	129628600	3
chr3	129650100	129650900	3
chr3	129658200	129659100	2
chr3	129672800	129673700	2
chr3	129686800	129687600	2
chr3	129690100	129691000	3
chr3	129699200	129699900	2
chr3	129768500	129769400	1
chr3	129773900	129774500	2
chr3	129793700	129794600	4
chr3	129820400	129821200	2
chr3	129824700	129825600	2
chr3	129829400	129830200	2
chr3	129832000	129832600	1
chr3	129836500	129837400	3
chr3	129888500	129889400	2
chr3	129893000	129894300	6
chr3	129926800	129927700	1
chr3	129936500	129937400	2
chr3	129942000	129942900	2
chr3	129974100	129974800	4
chr3	129987500	129988300	1
chr3	129992700	129993600	3
chr3	130002700	130003500	3
chr3	130048700	130049300	1
chr3	130057500	130058300	3
chr3	130077700	130078200	1
chr3	130084300	130085000	1
chr3	130093600	130095200	3
chr3	130105800	130106400	1
chr4	55237400	55242100	4
chr4	55242300	55276700	30
chr4	55277700	55279500	1
chr4	55281600	55283400	1
chr4	55283700	55288800	1
chr4	55289400	55292900	2
chr4	55293000	55298000	8
chr4	55303100	55308600	4
chr4	55308700	55327400	19
chr4	55327600	55331400	3
chr4	55331600	55340800	7
chr4	55341200	55342400	1
chr4	55343000	55350300	13
chr4	55351000	55360100	14
chr4	55360300	55362300	5
chr4	55362500	55368300	10
chr4	55368800	55375800	4
chr4	55376200	55388600	12
chr4	55388700	55392600	2
chr4	55392800	55400100	15
chr4	55400500	55402000	0
chr4	55402500	55418800	13
chr4	55418900	55421100	1
chr4	55421400	55427200	8
chr4	55427400	55447100	23
chr4	55447200	55465900	9
chr4	55466300	55473200	4
chr4	55473400	55480200	6
chr4	55480800	55492600	5
chr4	55492700	55507200	8
chr4	55507500	55514900	8
chr4	55515900	55531600	7
chr4	55531800	55539200	3
chr4	55539500	55558000	29
chr4	55558400	55565500	6
chr4	55566100	55582800	12
chr4	55583100	55584200	1
chr4	55584400	55587700	0
chr4	55588200	55603800	7
chr4	55604200	55611000	5
chr4	55611600	55618600	7
chr4	55618900	55619400	2
chr4	55625000	55630800	2
chr4	55631800	55643600	17
chr4	55644900	55651800	1
chr4	55651900	55671600	12
chr4	55672400	55676500	4
chr4	55785600	55795100	9
chr4	55795200	55809600	9
chr4	55811200	55813200	0
chr4	55813600	55835000	18
chr4	55835700	55841900	6
chr4	55847700	55857200	10
chr4	55857300	55886500	23
chr4	55886600	55894200	5
chr4	55894700	55915500	15
chr4	55915600	55934900	20
chr4	55937300	55960800	21
chr4	55960900	55966400	6
chr4	55966600	55988600	11
chr4	55988800	56001100	10
chr4	56001400	56003500	1
chr4	56004100	56009000	8
chr4	56009300	56023800	3
chr4	56023900	56029700	3
chr4	56029900	56036300	1
chr4	56036600	56039500	3
chr4	56039700	56042500	3
chr4	56042700	56057800	23
chr4	56058200	56068700	12
chr5	87611000	87615300	2
chr5	87615500	87616300	1
chr5	87616500	87617300	0
chr5	87617500	87620600	2
chr5	87621400	87623100	1
chr5	87623200	87623900	1
chr5	87624000	87625000	1
chr5	87625300	87625900	0
chr5	87626900	87627900	1
chr5	87628000	87629800	1
chr5	87630100	87631800	1
chr5	87634800	87636600	0
chr5	87636700	87637800	0
chr5	87637900	87639700	0
chr5	87640600	87642000	1
chr5	87642500	87644200	0
chr5	87644500	87645800	2
chr5	87646100	87646700	0
chr5	87646900	87649400	6
chr5	87649500	87652800	3
chr5	87652900	87653700	0
chr5	87653900	87660300	3
chr5	87660500	87663600	5
chr5	87664700	87666100	3
chr5	87666400	87667100	1
chr5	87667900	87668800	0
chr5	87671100	87673500	3
chr5	87673700	87679300	2
chr5	87680000	87681600	0
chr5	87682900	87686500	2
chr5	87700400	87702100	0
chr5	87702200	87703300	1
chr5	87703500	87704600	0
chr5	87704700	87707400	1
chr5	87707900	87711000	0
chr5	87711300	87713900	1
chr5	87714300	87714900	1
chr5	87715200	87715700	0
chr5	87715900	87716600	0
chr5	87720900	87721600	1
chr5	87721900	87723600	2
chr5	87724200	87725500	0
chr5	87726000	87727600	0
chr5	87727800	87728400	0
chr5	87728600	87729300	0
chr5	87729600	87732800	3
chr5	87732900	87750600	9
chr5	87750800	87755900	6
chr5	87756800	87757200	1
chr5	87758800	87761600	1
chr5	87761700	87769400	5
chr5	87769900	87777400	12
chr5	87777700	87778800	1
chr5	87779300	87783600	7
chr5	87783800	87786800	6
chr5	87787000	87789000	3
chr5	87790300	87791000	3
chr5	87791300	87793900	5
chr5	87794000	87797500	5
chr5	87798400	87799000	0
chr5	87799400	87802500	1
chr5	87803400	87807500	2
chr5	87810100	87812600	0
chr5	87812900	87814700	0
chr5	87815200	87816100	0
chr5	87819900	87830600	7
chr5	87832500	87835400	1
chr5	87840500	87851600	5
chr5	87852000	87853100	1
chr5	87853200	87854900	2
chr5	87861800	87862600	0
chr5	87862900	87870900	2
chr5	87871100	87877600	6
chr5	87878000	87880200	0
chr5	87880400	87882500	0
chr5	87885500	87889700	3
chr5	87890700	87892100	0
chr5	87893100	87895200	0
chr5	87895600	87897400	0
chr5	87898000	87903300	6
chr5	87903700	87905800	0
chr5	87908100	87908800	0
chr5	87909100	87913400	3
chr5	87914200	87916900	2
chr5	87917000	87917700	0
chr5	87918300	87918700	0
chr5	87924800	87927000	1
chr5	87932400	87936900	1
chr5	87937100	87961600	17
chr5	87962100	87967000	1
chr5	87967900	87971600	1
chr5	87979900	87990800	0
chr5	87996100	87997100	0
chr5	87997500	87998900	1
chr5	87999100	88000200	0
chr5	88000300	88002600	1
chr5	88004300	88008300	0
chr5	88016100	88016800	0
chr5	88016900	88020400	0
chr5	88022100	88023200	0
chr5	88024400	88028400	0
chr5	88028700	88031800	0
chr5	88032000	88032700	0
chr5	88033600	88034700	1
chr5	88035500	88037300	0
chr5	88040100	88040900	0
chr5	88042300	88051100	9
chr5	88051400	88052500	1
chr5	88058200	88060000	1
chr5	88060200	88062800	2
chr5	88069200	88071100	0
chr5	88079600	88082300	2
chr5	88083300	88088800	3
chr5	88089400	88098800	12
chr5	88098900	88100600	0
chr5	88100800	88102200	0
chr5	88102700	88106300	1
chr5	88108200	88120100	14
chr5	88120200	88120900	0
chr5	88125700	88128400	0
chr5	88128700	88130500	3
chr5	88131100	88131700	1
chr5	88132400	88133400	0
chr5	88133800	88150500	27
chr5	88150700	88151700	1
chr5	88151900	88159500	4
chr5	88160600	88161800	0
chr5	88163200	88164000	0
chr5	88164600	88168000	1
chr5	88173600	88174600	1
chr5	88175200	88175800	0
chr5	88178100	88179300	0
chr5	88180300	88180800	0
chr5	88183300	88184600	1
chr5	88185900	88186800	0
chr5	88191000	88191800	0
chr5	88192000	88193800	0
chr5	88196500	88202400	1
chr5	88202500	88204900	3
chr5	88205900	88206400	1
chr5	88207000	88208200	0
chr5	88208800	88211300	0
chr5	88212000	88212700	1
chr5	88214000	88218600	3
chr5	88218700	88220300	1
chr5	88221400	88221900	0
chr5	88222200	88223700	1
chr5	88223900	88224500	0
chr5	88227000	88230100	1
chr5	88230200	88232500	1
chr5	88232800	88235000	0
chr5	88235400	88238200	4
chr5	88238300	88238800	1
chr5	88239600	88240400	0
chr5	88240600	88242900	1
chr5	88244900	88246100	4
chr5	88246300	88255700	12
chr5	88257200	88260400	4
chr5	88262800	88264300	0
chr5	88265100	88273000	8
chr5	88273500	88275000	1
chr5	88275500	88276800	3
chr5	88277700	88280900	1
chr5	88281300	88282000	1
chr5	88282900	88284300	1
chr5	88284600	88291600	5
chr5	88291900	88292400	1
chr5	88298200	88299200	1
chr5	88299400	88301500	0
chr5	88301600	88302200	0
chr5	88302400	88305500	2
chr5	88314200	88315500	0
chr5	88315700	88316800	0
chr5	88319200	88322200	2
chr5	88322300	88323600	2
chr5	88324500	88326100	1
chr5	88328000	88332500	0
chr5	88345100	88346500	0
chr5	88346800	88348400	1
chr5	88351600	88353200	0
chr5	88354800	88356000	1
chr5	88357200	88359900	0
chr5	88360400	88362700	1
chr5	88362900	88366500	2
chr5	88366700	88369200	1
chr5	88369300	88370600	0
chr5	88371000	88372700	2
chr5	88373100	88374800	2
chr5	88374900	88379000	3
chr5	88379900	88383900	1
chr5	88384500	88388100	4
chr5	88388300	88392800	10
chr5	88392900	88399100	15
chr5	88399200	88403300	8
chr5	88403700	88405700	5
chr5	88406000	88410700	4
chr5	88412000	88413900	0
chr5	88414000	88416500	1
chr5	88416700	88421800	2
chr5	88422100	88425900	1
chr5	88426100	88430000	3
chr5	88432000	88434700	0
chr5	88435900	88436700	1
chr5	88437200	88441600	3
chr5	88442300	88442900	0
chr5	88443400	88445800	2
chr5	88446400	88448700	2
chr5	88448800	88450900	1
chr5	88451200	88456800	2
chr5	88457000	88458200	0
chr5	88458600	88463700	3
chr5	88464200	88465000	0
chr5	88465100	88466600	1
chr5	88466700	88469800	1
chr5	88470200	88471200	1
chr5	88472200	88479000	2
chr5	88479800	88482500	4
chr5	88482600	88490200	11
chr5	88490300	88492900	2
chr5	88493000	88495300	0
chr5	88495700	88512700	15
chr5	88513200	88514400	0
chr5	88514800	88515400	1
chr5	88516100	88520000	5
chr5	88521700	88522400	0
chr5	88522500	88523200	0
chr5	88524400	88528400	1
chr5	88531100	88533200	0
chr5	88534400	88535200	0
chr5	88535400	88541000	7
chr5	88541500	88546000	11
chr5	88546900	88549100	5
chr5	88549400	88554100	13
chr5	88554700	88561700	10
chr5	88562200	88568500	1
chr5	88568700	88571300	1
chr5	88571600	88573100	0
chr5	88573200	88579500	1
chr5	88579700	88581000	0
chr5	88581100	88584900	1
chr5	88585000	88587600	0
chr5	88592700	88598500	2
chr5	88598900	88600500	0
chr5	88600600	88609500	6
chr5	88609600	88612400	1
chr5	88612900	88613700	1
chr5	88614500	88615200	0
chr5	88616900	88617500	0
chr5	88624100	88626000	1
chr5	88626500	88628000	2
chr5	88629500	88630100	0
chr5	88630800	88632600	0
chr5	88633000	88635700	0
chr5	88635800	88636700	0
chr5	88636900	88637700	0
chr5	88638800	88644200	1
chr5	88644400	88646300	3
chr5	88646400	88649100	3
chr5	88649900	88652700	2
chr5	88652800	88655200	4
chr5	88656200	88658700	7
chr5	88659000	88697100	106
chr5	88697500	88705000	8
chr5	88705900	88724600	20
chr5	88724800	88729800	7
chr5	88729900	88736000	12
chr5	88736300	88744400	8
chr5	88744500	88746400	2
chr5	88746500	88749600	2
chr5	88751200	88759400	5
chr5	88759500	88762500	5
chr5	88763000	88763500	0
chr5	88763900	88764700	1
chr5	88764900	88768900	3
chr5	88769000	88769700	1
chr5	88769800	88776200	6
chr5	88776300	88781900	7
chr5	88782600	88784100	1
chr5	88784400	88788300	7
chr5	88788400	88789200	0
chr5	88789300	88791500	1
chr5	88791900	88793700	2
chr5	88799800	88802600	3
chr5	88803000	88817400	16
chr5	88818200	88821800	6
chr5	88822000	88831300	22
chr5	88831400	88835700	7
chr5	88835800	88843600	13
chr5	88843900	88845900	2
chr5	88846200	88849000	1
chr5	88849400	88850100	1
chr5	88850200	88851100	1
chr5	88851300	88852800	0
chr5	88853100	88855200	1
chr5	88856500	88857100	1
chr5	88857700	88863600	8
chr5	88864100	88864600	0
chr5	88865000	88866700	2
chr5	88866800	88868900	2
chr5	88869700	88872100	2
chr5	88872300	88877500	8
chr5	88877900	88879400	3
chr5	88879600	88880400	2
chr5	88880600	88885800	15
chr5	88885900	88887500	3
chr5	88887900	88891600	7
chr5	88891800	88893400	2
chr5	88893900	88900400	6
chr5	88919100	88920500	1
chr5	88920700	88925900	5
chr5	88926900	88927800	1
chr5	88928100	88931000	3
chr5	88931200	88935800	3
chr5	88936000	88940400	3
chr5	88940700	88946300	6
chr5	88946400	88949800	2
chr5	88950200	88951100	0
chr5	88951200	88962800	11
chr5	88963500	88965500	1
chr5	88965600	88971500	2
chr5	88971700	88973400	2
chr5	88974300	88980900	6
chr5	88981000	88988700	4
chr5	88993800	88997400	3
chr5	88997700	89000400	2
chr5	89000500	89003000	3
chr5	89004000	89005000	2
chr5	89006000	89006700	2
chr5	89008400	89009400	0
chr5	89009700	89018200	8
chr5	89018300	89026100	10
chr5	89028100	89030000	2
chr5	89030900	89034100	3
chr5	89034300	89039600	10
chr5	89040000	89050000	8
chr5	89050600	89059300	5
chr5	89059500	89062600	1
chr5	89063200	89068200	4
chr5	89069300	89070400	1
chr5	89070800	89071700	2
chr5	89072300	89076600	3
chr5	89076800	89079000	0
chr5	89079300	89080000	0
chr5	89080400	89085400	5
chr5	89085500	89098100	10
chr5	89100800	89107000	7
chr5	89109000	89110500	0
chr5	89110900	89116300	4
chr5	89116500	89122000	4
chr5	89122100	89138300	17
chr5	89140000	89143500	3
chr5	89146100	89151200	4
chr5	89152900	89155700	0
chr5	89156000	89157100	1
chr5	89157300	89158900	1
chr5	89165800	89170000	5
chr5	89170100	89170800	0
chr5	89171100	89175000	1
chr5	89175900	89183200	5
chr5	89183600	89185200	0
chr5	89187600	89192300	5
chr5	89192800	89193400	0
chr5	89199700	89200700	1
chr5	89200800	89204000	2
chr5	89205000	89209800	5
chr5	89209900	89214600	3
chr5	89214800	89219100	3
chr5	89228800	89231000	4
chr5	89231100	89233800	5
chr5	89233900	89237600	4
chr5	89238100	89239000	1
chr5	89239400	89241800	2
chr5	89242600	89246000	3
chr5	89246200	89251500	2
chr5	89251600	89252800	1
chr5	89253000	89278600	27
chr5	89278700	89286000	13
chr5	89286100	89288500	2
chr5	89288800	89296200	10
chr5	89296300	89299600	1
chr5	89300000	89301100	2
chr5	89301200	89307000	8
chr5	89307500	89308200	1
chr5	89308400	89309900	2
chr5	89311600	89316200	6
chr5	89316600	89318000	3
chr5	89318400	89324100	2
chr5	89324200	89324900	0
chr5	89326200	89327000	0
chr5	89327300	89328600	1
chr5	89329300	89331700	1
chr5	89332600	89333500	0
chr5	89333600	89336700	4
chr5	89337400	89340500	2
chr5	89340900	89347100	5
chr5	89347200	89348300	0
chr5	89348500	89354700	9
chr5	89358800	89361100	1
chr5	89361300	89363300	1
chr5	89363400	89368100	2
chr5	89368200	89368700	1
chr5	89371500	89382800	8
chr5	89383800	89386100	2
chr5	89386400	89387000	0
chr5	89388100	89390100	1
chr5	89390200	89394900	1
chr5	89395000	89398300	6
chr5	89398500	89399400	0
chr5	89399700	89403300	4
chr5	89404000	89404900	0
chr5	89405300	89410200	4
chr5	89410300	89412600	2
chr5	89412700	89413300	0
chr5	89413700	89416900	2
chr5	89418800	89421600	3
chr5	89424800	89429700	2
chr5	89429900	89431900	0
chr5	89432500	89440200	6
chr5	89440400	89442600	2
chr5	89443200	89449100	11
chr5	89449200	89451100	2
chr5	89451200	89452800	2
chr5	89453200	89456300	1
chr5	89456800	89460700	4
chr5	89461600	89464000	1
chr5	89464300	89466900	0
chr5	89468000	89468800	0
chr5	89469100	89473800	5
chr5	89474000	89476900	2
chr5	89477100	89486500	7
chr5	89486700	89494400	3
chr5	89494900	89501400	4
chr5	89501600	89504800	2
chr5	89505200	89506800	0
chr5	89509300	89512100	4
chr5	89512400	89515000	4
chr5	89515100	89517000	0
chr5	89517100	89521400	2
chr5	89521700	89522400	0
chr5	89522500	89524000	0
chr5	89525300	89527600	1
chr5	89529000	89530400	0
chr5	89530500	89532000	1
chr5	89532500	89545100	10
chr5	89545200	89547900	5
chr5	89548500	89555000	2
chr5	89556100	89558400	3
chr5	89558600	89561200	1
chr5	89561300	89562700	1
chr5	89562900	89564800	1
chr5	89565100	89568000	3
chr5	89568300	89573800	5
chr5	89574200	89575000	0
chr5	89575100	89589900	7
chr5	89592200	89592900	1
chr5	89593300	89595900	1
chr5	89596200	89598900	2
chr5	89600300	89601700	0
chr5	89602200	89605000	2
chr5	89605300	89609500	5
chr5	89609600	89610300	0
chr5	89612900	89618400	5
chr5	89620800	89621400	0
chr5	89635900	89636400	0
chr5	89636800	89640400	1
chr5	89646400	89647300	0
chr5	89647800	89648800	0
chr5	89649400	89650700	0
chr5	89651200	89652000	1
chr5	89652500	89653200	0
chr5	89653900	89655000	0
chr5	89659900	89664500	3
chr5	89664900	89667000	1
chr5	89667800	89671600	1
chr5	89671800	89672800	1
chr5	89672900	89673900	2
chr5	89674900	89678700	2
chr5	89685400	89687100	2
chr5	89687300	89688500	0
chr5	89689000	89692100	1
chr5	89692500	89693600	1
chr5	89693700	89700600	6
chr5	89700800	89711000	10
chr5	89711300	89713100	1
chr5	89713600	89716900	2
chr5	89718500	89719100	0
chr5	89720400	89736000	16
chr5	89738700	89741100	1
chr5	89747000	89747800	0
chr5	89748400	89749200	0
chr5	89750200	89760800	8
chr5	89761100	89763200	0
chr5	89764300	89765300	0
chr5	89767700	89769100	0
chr5	89769800	89770500	1
chr5	89770700	89773500	0
chr5	89773600	89774400	0
chr5	89775000	89776600	1
chr5	89777300	89778200	0
chr5	89787000	89787900	0
chr5	89788200	89789500	0
chr5	89790700	89791400	0
chr5	89791800	89793900	0
chr5	89795300	89796300	0
chr5	89797700	89800900	1
chr5	89804100	89804700	0
chr5	89806900	89810500	0
chr5	89812200	89817300	2
chr5	89817600	89818500	1
chr5	89818800	89821400	1
chr5	89822000	89835100	9
chr5	89835300	89835900	0
chr5	89836300	89836900	0
chr5	89837500	89838400	0
chr5	89838800	89845300	5
chr5	89845400	89846900	1
chr5	89847000	89857800	10
chr5	89860400	89863600	0
chr5	89863800	89867000	3
chr5	89867200	89870300	2
chr5	89870800	89873900	4
chr5	89874300	89876300	0
chr5	89876500	89877200	1
chr5	89877400	89882900	3
chr5	89883100	89893100	2
chr5	89898100	89905500	6
chr5	89905900	89906400	1
chr5	89908000	89910400	1
chr5	89910500	89911400	0
chr6	134253600	134254200	2
chr6	134276900	134277600	2
chr6	134288600	134289300	4
chr6	134293600	134294400	2
chr6	134295500	134296900	5
chr6	134314800	134316600	4
chr6	134358200	134358800	1
chr6	134373200	134374400	3
chr6	134381300	134381900	2
chr6	134413100	134413700	1
chr6	134422900	134423500	3
chr6	134436000	134437000	4
chr6	134519400	134520100	1
chr6	134585500	134586000	2
chr6	134603900	134604500	3
chr6	134623500	134624100	1
chr6	134632900	134633500	3
chr6	134640800	134641400	1
chr6	134714600	134715100	1
chr6	134741000	134741500	2
chr6	134822800	134823400	4
chr6	134881500	134882100	1
chr6	134882400	134882900	2
chr6	134908700	134909300	3
chr6	134923900	134924500	0
chr6	134940800	134941300	1
chr6	134961200	134961900	1
chr6	134980600	134981700	2
chr6	134997400	134998100	2
chr6	135003200	135003600	2
chr6	135006200	135007200	2
chr6	135012100	135012700	3
chr6	135018800	135019500	1
chr6	135030600	135031300	1
chr6	135031700	135032300	0
chr6	135033200	135033900	1
chr6	135043800	135044400	2
chr6	135051200	135051900	1
chr6	135052000	135056600	12
chr6	135062700	135063300	1
chr6	135066600	135067300	2
chr6	135073900	135076000	3
chr6	135083600	135086700	5
chr6	135087300	135089800	5
chr6	135093500	135094700	3
chr6	135097000	135097700	2
chr6	135098400	135098800	1
chr6	135102800	135103400	2
chr6	135109800	135110700	3
chr6	135117900	135119000	3
chr6	135128500	135129500	4
chr6	135144000	135149900	13
chr6	135174400	135174900	3
chr6	135179700	135186200	19
chr6	135188600	135189300	2
chr6	135189500	135191000	3
chr6	135191200	135193400	5
chr6	135194900	135196200	3
chr6	135200200	135200900	0
chr6	135209700	135210300	3
chr6	135230500	135232200	3
chr6	135254400	135255200	2
chr6	135257400	135258000	3
chr6	135261800	135263200	2
chr6	135280600	135281300	3
chr6	135287100	135287800	3
chr6	135291500	135292200	1
chr6	135299200	135299700	1
chr6	135304800	135305600	1
chr6	135306000	135307300	3
chr6	135308600	135309300	0
chr6	135318300	135326500	17
chr6	135326700	135327200	0
chr6	135330900	135331600	2
chr6	135397100	135397700	1
chr6	135410800	135411300	1
chr6	135419100	135419700	3
chr6	135423400	135424500	2
chr6	135438900	135439500	3
chr6	135440300	135441000	2
chr6	135478900	135479600	2
chr6	135496900	135499900	10
chr6	135506100	135506800	3
chr6	135523100	135523700	2
chr6	135525500	135526100	2
chr6	135537900	135538500	3
chr6	135555400	135556100	2
chr6	135568200	135568800	1
chr6	135602900	135603600	1
chr6	135652000	135652600	2
chr6	135675800	135676400	1
chr6	135679400	135680000	1
chr6	135687000	135687600	2
chr6	135703400	135704100	2
chr6	135812100	135812700	2
chr6	135846500	135847200	1
chr6	135851300	135852000	4
chr6	135909600	135910300	2
chr6	135938500	135939000	2
chr6	136007200	136007900	1
chr6	136113600	136114300	4
chr6	136118700	136119300	1
chr6	136171200	136171800	1
chr6	136173600	136174200	2
chr6	136226100	136227200	4
chr6	136230100	136230800	2
chr6	136234200	136235100	3
chr6	136236300	136237600	3
chr6	136249100	136251200	6
chr6	136251300	136251900	3
chr6	136271000	136271600	1
chr6	136287800	136291600	10
chr6	136307300	136307900	1
chr6	136316900	136317600	3
chr6	136325800	136326500	4
chr6	136334000	136334600	2
chr6	136334700	136335300	3
chr6	136335600	136336700	4
chr6	136341900	136342400	2
chr6	136347800	136348500	1
chr6	136354700	136355300	1
chr6	136358600	136359200	0
chr6	136359800	136360500	2
chr6	136365600	136366300	2
chr6	136401700	136404600	7
chr6	136415500	136416100	2
chr6	136420700	136421300	1
chr6	136426200	136427500	4
chr6	136494600	136495200	1
chr6	136499200	136499800	2
chr6	136501000	136501700	2
chr6	136511900	136512600	1
chr6	136525400	136526100	3
chr6	136526200	136526900	4
chr6	136550100	136550800	4
chr6	136565800	136567000	2
chr6	136582900	136583500	2
chr6	136586200	136586800	1
chr6	136593800	136594400	2
chr6	136605000	136605600	2
chr6	136608100	136608700	2
chr6	136609500	136611100	6
chr6	136618000	136618600	1
chr6	136644100	136644700	4
chr6	136647300	136648300	1
chr6	136668900	136669900	3
chr6	136672300	136672900	1
chr6	136700100	136700700	1
chr6	136716100	136716700	2
chr6	136718400	136719100	1
chr6	136723700	136724400	2
chr6	136735300	136741200	13
chr6	136743300	136745000	5
chr6	136751300	136752000	2
chr6	136754500	136756600	4
chr6	136756700	136757400	3
chr6	136760800	136761300	2
chr6	136761500	136762700	5
chr6	136763600	136764800	4
chr6	136769000	136769600	1
chr6	136775200	136775900	3
chr6	136783000	136784900	4
chr6	136785100	136786000	3
chr6	136787400	136788300	4
chr6	136789200	136793600	11
chr6	136821800	136823600	6
chr6	136846000	136846500	2
chr6	136866900	136867600	2
chr6	136873700	136874200	1
chr6	136885900	136886500	2
chr6	136895700	136896300	2
chr6	136900400	136902000	4
chr6	136922100	136922800	3
chr6	136927100	136927800	1
chr8	126735900	126738100	3
chr8	126738400	126777700	22
chr8	126777800	126783500	8
chr8	126783700	126799800	5
chr8	126805400	126836300	33
chr8	126837000	126888700	57
chr8	126889000	126893900	3
chr8	126894300	126901600	9
chr8	126901800	126980600	84
chr8	126985800	127025000	24
chr8	127025400	127044800	30
chr8	127045400	127045800	1
chr8	127046500	127046900	1
chr8	127047200	127047600	1
chr8	127048000	127070900	50
chr8	127071000	127090100	35
chr8	127090200	127095600	9
chr8	127095800	127107900	13
chr8	127109800	127147300	58
chr8	127147400	127156500	16
chr8	127157000	127157500	2
chr8	127157800	127183400	47
chr8	127183800	127192400	17
chr8	127194400	127203600	15
chr8	127204100	127235900	66
chr8	127236300	127311800	134
chr8	127315500	127315900	1
chr8	127317900	127318700	1
chr8	127320700	127373200	82
chr8	127373700	127380000	8
chr8	127382000	127433100	74
chr8	127433900	127434300	0
chr8	127434400	127434800	0
chr8	127437400	127438500	0
chr8	127438700	127440300	0
chr8	127440400	127476000	55
chr8	127476200	127478000	1
chr8	127478100	127503100	37
chr8	127503400	127523300	23
chr8	127523500	127541100	17
chr8	127541900	127597900	80
chr8	127598300	127630300	47
chr8	127630700	127632900	4
chr8	127633100	127683600	92
chr8	127683700	127720700	70
chr8	127720800	127769300	102
chr8	127770700	127771100	0
chr8	127771700	127773600	4
chr8	127773900	127777300	4
chr8	127777600	127779500	0
chr8	127779600	127781000	2
chr8	127781300	127807900	52
chr8	127808000	127830800	46
chr8	127831000	127835100	5
chr8	127835400	127846900	17
chr8	127847000	127862300	33
chr8	127862500	127880500	36
chr8	127880700	127881500	2
chr8	127881600	127924500	88
chr8	127924600	127984800	114
chr8	127985100	127998700	31
chr8	127998800	128041100	70
chr8	128041300	128118000	133
chr8	128119200	128279000	237
chr8	128279200	128281700	2
chr8	128281800	128282200	0
chr8	128282400	128310700	33
chr8	128310800	128344600	54
chr8	128345400	128345800	0
chr8	128349600	128453100	125
chr8	128458800	128468400	10
chr8	128468500	128548600	105
chr8	128548700	128556200	15
chr8	128556300	128557900	6
chr8	128704500	128704900	0
chr8	128726600	128727000	0
chr8	128727300	128727700	0
chr8	128727800	128728200	1
chr8	128731300	128731700	0
chr8	128732300	128732900	2
chr8	128733100	128733500	2
chr8	128735000	128735400	1
chr11	4091700	4092700	2
chr11	4093800	4096200	8
chr11	4145100	4147100	5
chr11	4167600	4168200	0
chr11	4181900	4182600	4
chr11	4186800	4188100	5
chr11	4194700	4195400	2
chr11	4196600	4197200	2
chr11	4203500	4204200	1
chr11	4213600	4214200	1
chr11	4381800	4382400	1
chr11	4392900	4394000	4
chr11	4493100	4493700	4
chr11	4539500	4540100	2
chr11	4607400	4609000	5
chr11	4626100	4626700	2
chr11	4636800	4637400	3
chr11	4646100	4646800	2
chr11	4658100	4659800	3
chr11	4801700	4802300	2
chr11	4881700	4883200	3
chr11	4890100	4890800	1
chr11	4891900	4892500	2
chr11	4990900	4991500	1
chr11	5004400	5004900	3
chr11	5087200	5087900	1
chr11	5104200	5104800	0
chr11	5107200	5107600	2
chr11	5110600	5111300	0
chr11	5123900	5124600	1
chr11	5128700	5130300	3
chr11	5130500	5132900	2
chr11	5151100	5152700	1
chr11	5160000	5160700	3
chr11	5160900	5161600	2
chr11	5165900	5166700	1
chr11	5171800	5172300	1
chr11	5195600	5196600	1
chr11	5197400	5198100	2
chr11	5204700	5205400	3
chr11	5215100	5215600	1
chr11	5223600	5224100	2
chr11	5224200	5226000	4
chr11	5226800	5227400	2
chr11	5232800	5233400	3
chr11	5234000	5234900	2
chr11	5238900	5239500	2
chr11	5241800	5249100	15
chr11	5249900	5253500	9
chr11	5253700	5254600	2
chr11	5258000	5259600	3
chr11	5268000	5271200	6
chr11	5271300	5273600	4
chr11	5274000	5277400	9
chr11	5277700	5283600	11
chr11	5283700	5290300	13
chr11	5290700	5292200	3
chr11	5297500	5298400	2
chr11	5303500	5304100	2
chr11	5308800	5309400	1
chr11	5317100	5317800	2
chr11	5334500	5336700	4
chr11	5348400	5349100	2
chr11	5363600	5364700	3
chr11	5369700	5370300	1
chr11	5380600	5381300	1
chr11	5389900	5390600	2
chr11	5476100	5476700	2
chr11	5483800	5484500	0
chr11	5486200	5486900	2
chr11	5499100	5502600	5
chr11	5503600	5506000	5
chr11	5508900	5509700	2
chr11	5514700	5515300	1
chr11	5527600	5528300	1
chr11	5530700	5532200	3
chr11	5564000	5564700	2
chr11	5580900	5581600	1
chr11	5591000	5592500	2
chr11	5595800	5597500	4
chr11	5600200	5601100	3
chr11	5621000	5621700	4
chr11	5624300	5625300	4
chr11	5684000	5685700	6
chr11	5689400	5690000	2
chr11	5690100	5691700	5
chr11	5713600	5714200	1
chr11	5719600	5720200	3
chr11	5755000	5755600	0
chr11	5808300	5808900	2
chr11	5809800	5811200	2
chr11	5815400	5816000	1
chr11	5820400	5821000	0
chr11	5846600	5847100	1
chr11	5847600	5848200	1
chr11	5923000	5923600	1
chr11	6022900	6023400	1
chr11	6024900	6025500	1
chr11	6026900	6027600	1
chr11	6062600	6063200	2
chr11	6200800	6202000	4
chr11	6204600	6205200	2
chr11	6224900	6225500	2
chr11	6225800	6226400	2
chr11	6233500	6235900	9
chr11	6245400	6246000	1
chr11	6249700	6250400	2
chr11	6251000	6251600	2
chr11	6251800	6252500	3
chr11	6269900	6270500	2
chr11	6298500	6299200	2
chr11	6315600	6316300	2
chr11	6357100	6357800	3
chr11	6362900	6363600	2
chr11	6379200	6379700	2
chr11	6388600	6391100	8
chr11	6402600	6403300	2
chr11	6414600	6415300	2
chr11	6418200	6419500	5
chr11	33064000	33069400	7
chr11	33069700	33070500	0
chr11	33071200	33075300	3
chr11	33075400	33080000	3
chr11	33080500	33081500	0
chr11	33082300	33083000	0
chr11	33084100	33088400	6
chr11	33089400	33093700	2
chr11	33093800	33094900	1
chr11	33095700	33097200	2
chr11	33097500	33100000	1
chr11	33100300	33101800	1
chr11	33101900	33103000	1
chr11	33103700	33104400	2
chr11	33104700	33106000	0
chr11	33107100	33111000	4
chr11	33111300	33113100	0
chr11	33113800	33114500	0
chr11	33114700	33117800	1
chr11	33117900	33119200	1
chr11	33119600	33120700	0
chr11	33121200	33122400	0
chr11	33123000	33123800	1
chr11	33124000	33129300	4
chr11	33129400	33130400	1
chr11	33131700	33132500	2
chr11	33133100	33133800	2
chr11	33133900	33137300	6
chr11	33139400	33142600	0
chr11	33142700	33143600	1
chr11	33147500	33149800	3
chr11	33150100	33150700	2
chr11	33151100	33151800	1
chr11	33153100	33153600	0
chr11	33153800	33155200	1
chr11	33155300	33156900	0
chr11	33157200	33159400	2
chr11	33159500	33162300	9
chr11	33162600	33163400	2
chr11	33167000	33169600	5
chr11	33170200	33170900	1
chr11	33172600	33174400	4
chr11	33175100	33175900	0
chr11	33176300	33177100	2
chr11	33177200	33178700	4
chr11	33178800	33180100	3
chr11	33180700	33181400	2
chr11	33181900	33183400	1
chr11	33185100	33186300	1
chr11	33187500	33190600	3
chr11	33192200	33193500	0
chr11	33193800	33196300	4
chr11	33196400	33199000	4
chr11	33202400	33205500	1
chr11	33205700	33207100	0
chr11	33207300	33209600	4
chr11	33214100	33215300	2
chr11	33217900	33218700	1
chr11	33219600	33221200	2
chr11	33221900	33222500	2
chr11	33222800	33223400	1
chr11	33223900	33224500	0
chr11	33226100	33227000	0
chr11	33227200	33228600	2
chr11	33229200	33229800	0
chr11	33231100	33232400	0
chr11	33233100	33233700	0
chr11	33234500	33235400	3
chr11	33236300	33236900	1
chr11	33238200	33239500	0
chr11	33241400	33242700	1
chr11	33244600	33247200	2
chr11	33247600	33249300	2
chr11	33250600	33251600	1
chr11	33251800	33254100	3
chr11	33255200	33259500	12
chr11	33259600	33261300	3
chr11	33261900	33262900	3
chr11	33264100	33265200	0
chr11	33266600	33267300	2
chr11	33268400	33270100	3
chr11	33272700	33273400	1
chr11	33273700	33275200	3
chr11	33275400	33276800	2
chr11	33277300	33278800	0
chr11	33279200	33281200	2
chr11	33282600	33287900	4
chr11	33288300	33289300	0
chr11	33290300	33293600	7
chr11	33294100	33296600	2
chr11	33297900	33298700	0
chr11	33300200	33301400	1
chr11	33301800	33304000	2
chr11	33304500	33305900	1
chr11	33307700	33308800	1
chr11	33308900	33310400	0
chr11	33310500	33311300	2
chr11	33312100	33313200	1
chr11	33313500	33314600	1
chr11	33316100	33316700	1
chr11	33317300	33318100	1
chr11	33318600	33319400	0
chr11	33319700	33323400	5
chr11	33323600	33326900	7
chr11	33327100	33328000	3
chr11	33328200	33331700	3
chr11	33332100	33337500	2
chr11	33337800	33338400	0
chr11	33338500	33340100	3
chr11	33340200	33343400	4
chr11	33343500	33346900	1
chr11	33347100	33349600	2
chr11	33349900	33350500	0
chr11	33350800	33355200	1
chr11	33355800	33359100	2
chr11	33360100	33362800	5
chr11	33363100	33363900	2
chr11	33364000	33364800	1
chr11	33365500	33367400	2
chr11	33367800	33373200	9
chr11	33373300	33384200	17
chr11	33385000	33385700	1
chr11	33387400	33388200	2
chr11	33388300	33396900	9
chr11	33398000	33399000	0
chr11	33399100	33403300	5
chr11	33403400	33404400	1
chr11	33404900	33423400	19
chr11	33424500	33428000	2
chr11	33429100	33431000	1
chr11	33432100	33432800	1
chr11	33435000	33439100	4
chr11	33440300	33441100	0
chr11	33443200	33446000	7
chr11	33446200	33447600	2
chr11	33447700	33454900	8
chr11	33455000	33465900	9
chr11	33467200	33469400	2
chr11	33470700	33482700	14
chr11	33482800	33485500	2
chr11	33486500	33495200	9
chr11	33496100	33500300	1
chr11	33500700	33503100	3
chr11	33503400	33504200	0
chr11	33505000	33525900	19
chr11	33529200	33530300	2
chr11	33530400	33534300	10
chr11	33534600	33535600	1
chr11	33535800	33538000	2
chr11	33538200	33549900	15
chr11	33550200	33555300	6
chr11	33556700	33562700	10
chr11	33563200	33571200	5
chr11	33571400	33572200	0
chr11	33572500	33573700	0
chr11	33573900	33580500	7
chr11	33580600	33581700	0
chr11	33581800	33589200	6
chr11	33589800	33595200	1
chr11	33595400	33604500	9
chr11	33604700	33612800	7
chr11	33613600	33614600	3
chr11	33614800	33624900	13
chr11	33630600	33638500	14
chr11	33638900	33639700	0
chr11	33640000	33654000	16
chr11	33654200	33677000	29
chr11	33683100	33687500	5
chr11	33687600	33711400	51
chr11	33712300	33714400	4
chr11	33715600	33726000	18
chr11	33730400	33732100	4
chr11	33732400	33733300	2
chr11	33733500	33740100	15
chr11	33740400	33741000	0
chr11	33741400	33745300	6
chr11	33746000	33754900	4
chr11	33755400	33757600	0
chr11	33757900	33760400	0
chr11	33761200	33762400	2
chr11	33763400	33763900	0
chr11	33764200	33765600	0
chr11	33765900	33767500	2
chr11	33768000	33776700	19
chr11	33776800	33777500	3
chr11	33777600	33783300	9
chr11	33783400	33785200	1
chr11	33787900	33788400	1
chr11	33788600	33789100	0
chr11	33789200	33792000	3
chr11	33792200	33793200	0
chr11	33801000	33812100	13
chr11	33812900	33813500	0
chr11	33813800	33822700	3
chr11	33825700	33826900	2
chr11	33827000	33832000	8
chr11	33833500	33834000	0
chr11	33834200	33837400	5
chr11	33838900	33839500	0
chr11	33839600	33840400	0
chr11	33840600	33841800	0
chr11	33842000	33843500	3
chr11	33843900	33849600	5
chr11	33850300	33852900	0
chr11	33853000	33854600	0
chr11	33855000	33857000	4
chr11	33857300	33866500	19
chr11	33866700	33879300	28
chr11	33880400	33889900	16
chr11	33890600	33908000	28
chr11	33909000	33909700	2
chr11	33909900	33913300	9
chr11	33913500	33918500	6
chr11	33919400	33921900	2
chr11	33922300	33928900	8
chr11	33929700	33932000	6
chr11	33932200	33943600	24
chr11	33943700	33946700	6
chr11	33946800	33947900	2
chr11	33948400	33950900	6
chr11	33952500	33957900	4
chr11	33959500	33962600	1
chr11	33962800	33965000	0
chr11	33966100	33966800	0
chr11	33967000	33970000	2
chr11	33970100	33972000	3
chr11	33974400	33975900	0
chr11	33976100	33977700	4
chr11	33977800	33979000	2
chr11	33979100	33979900	1
chr11	33980200	33981900	2
chr11	33982400	33983300	1
chr11	33983400	33985200	2
chr11	33986900	33987500	3
chr11	33987600	33989200	4
chr11	33989300	33990100	2
chr11	33992000	33993000	0
chr11	33994800	33995400	1
chr11	33995500	34000300	6
chr11	34001300	34002000	2
chr11	34002100	34003200	1
chr11	34003300	34003900	0
chr11	34004000	34006100	2
chr11	34006200	34007700	2
chr11	34007900	34009400	2
chr11	34009600	34010100	1
chr11	34010300	34011100	0
chr11	34011500	34013700	0
chr11	34013800	34016200	2
chr11	34016300	34016900	0
chr11	34017100	34020200	3
chr11	34020500	34021600	0
chr11	34022000	34022700	1
chr11	34024400	34025500	1
chr11	34027300	34029900	5
chr11	34030000	34030900	2
chr11	34031100	34033000	3
chr11	34033900	34035900	2
chr11	34036000	34039400	2
chr11	34041100	34042000	2
chr11	34043800	34044400	2
chr11	34044700	34046500	4
chr11	34046900	34047600	1
chr11	34047800	34055300	18
chr11	34055400	34057700	3
chr11	34058300	34060100	2
chr11	34060300	34062500	0
chr11	34062600	34066200	5
chr11	34067500	34069200	3
chr11	34069300	34070600	0
chr11	34070800	34073000	4
chr11	34073500	34074800	2
chr11	34075000	34076800	1
chr11	34077000	34077700	0
chr11	34077800	34079300	0
chr11	34079400	34081400	1
chr11	34082800	34085600	1
chr11	34085700	34088200	3
chr11	34089700	34091100	0
chr11	34091500	34092300	1
chr11	34092400	34094400	0
chr11	34095200	34099500	1
chr11	34099700	34116500	19
chr11	34116800	34121800	3
chr11	34122000	34128000	5
chr11	34130000	34189400	102
chr11	34189500	34211800	34
chr11	34212200	34216500	8
chr11	34216700	34217300	1
chr11	34218800	34219500	1
chr11	34219700	34221000	3
chr11	34221100	34225600	6
chr11	34225700	34227000	1
chr11	34229600	34232200	3
chr11	34232300	34233600	2
chr11	34233700	34237800	8
chr11	34237900	34238800	1
chr11	34238900	34246500	16
chr11	34247000	34254400	13
chr11	34254800	34265600	16
chr11	34266100	34277600	19
chr11	34278100	34282300	5
chr11	34283500	34286200	5
chr11	34286400	34287300	0
chr11	34287400	34293900	6
chr11	34294200	34294800	0
chr11	34295100	34298500	2
chr11	34298700	34304400	12
chr11	34304600	34306400	2
chr11	34306700	34308700	4
chr11	34308800	34317700	17
chr11	34318100	34322500	5
chr11	34323100	34324000	2
chr11	34324100	34325900	2
chr11	34327000	34333600	12
chr11	34333700	34338300	6
chr11	34338500	34367200	44
chr11	34370600	34372600	3
chr11	34372900	34373500	0
chr11	34379100	34380100	2
chr11	34380300	34384800	6
chr11	34384900	34385500	0
chr11	34385800	34386400	1
chr11	34387500	34389100	1
chr11	34395200	34400500	7
chr11	34401800	34403300	0
chr11	34403400	34404100	1
chr11	34404200	34405500	3
chr11	34405800	34410500	6
chr11	34410600	34416400	6
chr11	34416600	34418900	4
chr11	34419100	34421900	3
chr11	34422000	34424700	4
chr11	34425600	34428400	6
chr11	34428600	34431100	3
chr11	34431200	34435100	4
chr11	34435600	34436900	2
chr11	34437500	34441700	9
chr11	34442400	34449800	12
chr11	34450000	34455700	5
chr11	34455800	34460300	5
chr11	34460500	34466700	6
chr11	34466900	34467700	2
chr11	34468000	34469700	2
chr11	34469800	34473100	2
chr11	34474700	34475400	1
chr11	34475500	34476300	1
chr11	34477500	34483800	4
chr11	34484100	34498900	14
chr11	34499400	34503200	8
chr11	34503600	34506300	3
chr11	34506900	34508100	2
chr11	34508400	34515400	10
chr11	34515500	34520400	3
chr11	34520700	34528500	11
chr11	34528700	34530200	3
chr11	34530400	34535700	2
chr11	34535900	34543900	5
chr11	34544100	34550400	5
chr11	34551600	34553800	1
chr11	34554000	34559900	6
chr11	34560300	34569200	12
chr11	34569700	34578700	9
chr11	34578900	34589500	12
chr11	34589800	34591900	0
chr11	34593300	34598800	7
chr11	34599000	34607900	19
chr11	34608100	34615300	12
chr11	34615400	34664300	82
chr11	61788300	61868000	147
chr11	61868100	61897400	57
chr12	53695200	53697100	6
chr12	53701400	53702500	2
chr12	53705200	53705800	1
chr12	53719400	53720200	1
chr12	53726100	53728400	7
chr12	53743000	53744200	4
chr12	53746300	53747300	3
chr12	53750700	53752500	6
chr12	53753800	53754700	3
chr12	53755300	53756200	4
chr12	53756500	53757800	4
chr12	53758000	53758900	3
chr12	53767400	53768200	2
chr12	53791500	53792500	2
chr12	53798300	53799200	1
chr12	53803600	53804400	4
chr12	53808700	53809700	3
chr12	53820200	53821100	2
chr12	53828900	53829800	3
chr12	53855500	53856400	2
chr12	53867200	53868000	4
chr12	53881100	53881900	0
chr12	53896900	53897800	1
chr12	53938100	53939100	4
chr12	53941500	53942400	1
chr12	53944600	53945400	2
chr12	53948600	53951000	6
chr12	53956200	53957600	5
chr12	53963200	53964600	4
chr12	53973500	53975300	7
chr12	53983200	53985500	7
chr12	53985800	53986800	4
chr12	53987600	53988400	3
chr12	53988700	53989800	5
chr12	53994900	53996200	5
chr12	53999200	54001000	7
chr12	54003900	54004700	2
chr12	54005500	54007000	5
chr12	54009000	54010000	4
chr12	54017000	54019300	10
chr12	54026500	54027700	3
chr12	54027900	54029100	4
chr12	54032100	54034600	8
chr12	54036500	54038300	5
chr12	54039900	54040800	3
chr12	54043600	54044600	4
chr12	54051100	54052000	4
chr12	54052600	54054700	8
chr12	54080800	54083100	5
chr12	54083800	54084500	1
chr12	54092900	54093500	1
chr12	54102700	54103100	1
chr12	54114400	54115200	1
chr12	54119900	54120700	2
chr12	54123900	54124600	1
chr12	54126700	54127700	3
chr12	54130100	54130900	3
chr12	54134700	54135600	3
chr12	54136600	54137500	2
chr12	54138000	54139700	2
chr12	54146800	54147700	3
chr12	54152100	54153000	1
chr12	54158900	54160900	6
chr12	54161500	54162300	3
chr12	54168700	54169700	3
chr12	54172900	54174000	4
chr12	54175000	54176100	2
chr12	54188500	54189800	4
chr12	54191300	54192300	3
chr12	54195100	54197100	6
chr12	54197300	54198200	4
chr12	54201000	54202000	2
chr12	54207100	54208400	4
chr12	54209800	54210500	2
chr12	54214400	54215700	7
chr12	54215800	54218500	10
chr12	54220000	54220700	3
chr12	54227200	54228600	3
chr12	54240800	54241800	2
chr12	54251000	54252300	3
chr12	54259100	54260800	5
chr12	54261100	54263100	6
chr12	54265700	54266300	3
chr12	54269500	54270000	1
chr12	54277800	54278600	3
chr12	54279200	54284700	13
chr12	54285100	54289300	12
chr12	54289500	54290400	3
chr12	54290700	54297500	17
chr12	54297600	54305000	17
chr12	54306800	54308000	4
chr12	54310800	54311600	1
chr12	54315400	54316400	2
chr12	54317800	54318700	2
chr12	54324200	54325800	7
chr12	54328400	54328800	2
chr12	54330600	54331300	2
chr12	54336400	54338400	5
chr12	54348600	54349500	1
chr12	54351800	54352900	4
chr12	54353300	54354200	3
chr12	54357900	54360200	9
chr12	54360400	54361400	2
chr12	54364100	54365100	2
chr12	54367400	54368200	4
chr12	54368300	54369800	6
chr12	54369900	54371000	4
chr12	54373300	54374200	4
chr12	54376600	54377500	4
chr12	54378500	54380500	7
chr12	54383000	54383800	3
chr12	54384200	54386000	5
chr12	54388500	54389600	4
chr12	54389900	54391900	7
chr12	54392900	54394900	5
chr12	54399100	54400100	3
chr12	54400900	54401800	2
chr12	54404100	54405100	4
chr12	54407300	54408200	4
chr12	54411000	54412300	4
chr12	54413000	54414400	6
chr12	54415400	54416300	3
chr12	54417000	54417800	3
chr12	54418700	54419800	4
chr12	54422900	54423800	4
chr12	54425500	54426300	1
chr12	54427700	54429400	5
chr12	54431900	54433100	4
chr12	54437000	54437800	2
chr12	54439200	54440200	3
chr12	54447900	54449500	2
chr12	54453700	54454600	0
chr12	54455200	54455800	1
chr12	54462800	54463700	2
chr12	54472300	54474100	4
chr12	54475300	54476200	2
chr12	54486000	54486800	2
chr12	54489800	54490500	2
chr12	54497200	54499100	5
chr12	54506000	54506500	1
chr12	54513300	54514200	1
chr12	54526300	54527700	3
chr12	54529700	54530600	2
chr12	54533100	54533900	2
chr12	54548800	54550800	7
chr12	54559900	54561900	5
chr12	54569100	54569900	1
chr12	54579300	54580400	3
chr12	54592900	54593800	2
chr12	54596200	54597300	3
chr12	54602900	54603800	3
chr12	54616700	54617800	2
chr12	54622700	54623600	4
chr12	54632000	54633000	3
chr12	54637000	54637900	0
chr12	54640600	54642200	2
chr12	54658200	54659300	3
chr12	54661000	54661900	1
chr12	54680100	54681000	1
chr12	54689800	54690700	1
chr12	54697700	54698500	3
chr12	54701800	54702900	1
chr12	54708800	54709500	1
chr12	54712500	54713400	1
chr12	54715400	54717000	2
chr12	54719500	54720400	1
chr12	54723400	54724300	2
chr12	54725000	54726000	2
chr12	54748900	54749900	2
chr12	54759500	54760400	1
chr12	54819400	54820200	1
chr12	54824400	54825100	1
chr12	54840000	54841100	2
chr12	54846700	54847400	2
chr12	54853800	54854600	2
chr12	110726000	110729300	7
chr12	110730200	110735700	9
chr12	110736600	110740200	10
chr12	110740300	110747700	20
chr12	110750100	110751700	1
chr12	110752300	110753300	0
chr12	110753800	110757100	3
chr12	110757400	110757900	1
chr12	110758300	110759600	1
chr12	110760200	110761400	2
chr12	110762600	110764200	2
chr12	110764900	110770400	7
chr12	110771200	110771900	0
chr12	110773900	110774400	0
chr12	110774600	110775400	1
chr12	110776000	110777500	3
chr12	110777900	110779700	2
chr12	110780100	110781100	2
chr12	110781400	110788400	7
chr12	110788700	110789400	1
chr12	110790000	110792200	4
chr12	110792700	110793500	0
chr12	110794400	110798300	3
chr12	110798400	110799100	1
chr12	110799500	110805100	7
chr12	110805500	110806600	0
chr12	110807300	110808200	1
chr12	110808600	110812700	7
chr12	110812900	110817500	6
chr12	110818500	110820700	4
chr12	110821100	110824100	4
chr12	110824600	110826200	1
chr12	110826400	110828300	4
chr12	110828800	110830000	2
chr12	110830400	110833700	2
chr12	110833800	110836100	1
chr12	110836200	110838200	1
chr12	110839300	110840000	0
chr12	110840400	110841000	1
chr12	110841100	110842000	2
chr12	110842100	110857000	21
chr12	110857300	110860700	3
chr12	110861000	110866200	5
chr12	110868600	110871300	1
chr12	110871400	110872800	1
chr12	110873100	110876900	2
chr12	110878900	110881600	3
chr12	110881700	110883000	0
chr12	110883700	110884600	1
chr12	110884800	110890900	6
chr12	110891400	110895100	7
chr12	110895200	110897400	3
chr12	110898500	110899500	0
chr12	110900000	110901300	0
chr12	110901900	110902900	0
chr12	110903100	110908100	6
chr12	110908300	110912700	6
chr12	110912800	110916300	5
chr12	110917300	110918700	3
chr12	110918800	110922000	7
chr12	110922400	110924500	4
chr12	110924600	110930500	9
chr12	110930600	110937900	18
chr12	110938200	110942000	5
chr12	110942100	110944500	2
chr12	110945200	110947100	2
chr12	110948300	110949100	2
chr12	110953400	110954700	0
chr12	110956300	110969200	11
chr12	110969900	110974300	5
chr12	110974400	110979200	2
chr12	110979300	110989900	4
chr12	110990100	110991200	0
chr12	110991700	110997800	7
chr12	110998200	111000400	1
chr12	111000900	111002100	1
chr12	111002500	111010500	5
chr12	111010600	111017000	7
chr12	111017100	111018000	0
chr12	111018200	111018900	1
chr12	111019800	111031300	12
chr12	111031400	111070700	49
chr12	111072200	111080500	11
chr12	111080600	111087100	8
chr12	111087200	111106000	26
chr12	111106400	111108500	2
chr12	111108600	111113600	7
chr12	111115400	111123300	9
chr12	111123600	111124700	0
chr12	111125300	111126900	2
chr12	111127000	111131200	6
chr12	111133400	111145600	10
chr12	111145900	111147000	0
chr12	111147100	111148400	2
chr12	111148900	111159900	15
chr12	111160000	111184700	40
chr12	111184900	111203200	24
chr12	111203400	111219900	23
chr12	111220000	111229800	16
chr12	111230100	111231100	2
chr12	111232500	111238700	3
chr12	111238900	111242700	4
chr12	111243000	111257400	12
chr12	111257600	111258900	3
chr12	111259000	111259700	1
chr12	111260300	111262500	4
chr12	111262700	111267800	6
chr12	111268000	111279500	15
chr12	111280600	111282200	3
chr12	111282500	111288700	6
chr12	111289000	111290300	1
chr12	111291000	111292300	1
chr12	111293000	111294300	1
chr12	111294700	111296800	2
chr12	111297000	111300800	6
chr12	111300900	111302700	0
chr12	111303500	111311500	11
chr12	111311700	111313300	2
chr12	111313500	111314600	1
chr12	111314700	111315600	1
chr12	111315700	111316300	2
chr12	111316800	111317900	2
chr12	111319600	111321300	4
chr12	111321500	111323700	5
chr12	111324700	111326000	3
chr12	111326900	111328700	4
chr12	111329000	111332000	3
chr12	111332200	111333100	0
chr12	111333300	111335200	6
chr12	111335500	111336600	4
chr12	111337200	111340600	9
chr12	111341300	111342400	5
chr12	111342800	111345000	6
chr12	111347000	111351700	15
chr12	111352200	111356100	8
chr12	111358100	111371400	27
chr12	111378700	111379400	0
chr12	111379700	111383000	0
chr12	111383900	111385100	1
chr12	111385200	111386000	0
chr12	111387300	111388800	2
chr12	111388900	111390400	3
chr12	111390700	111391800	1
chr12	111392300	111395200	4
chr12	111396600	111397900	6
chr12	111398200	111400500	6
chr12	111400800	111402300	4
chr12	111402800	111415700	35
chr12	111416100	111419200	4
chr12	111419500	111422700	5
chr12	111422800	111423600	1
chr12	111424000	111432700	22
chr12	111433700	111439200	18
chr12	111439400	111459600	45
chr12	111460200	111461300	1
chr12	111462400	111463000	2
chr12	111463400	111465600	1
chr12	111467300	111468900	3
chr12	111469500	111471900	3
chr12	111472000	111472700	1
chr12	111473100	111474000	1
chr12	111476000	111476800	0
chr12	111477400	111478100	0
chr12	111481100	111481700	0
chr12	111482300	111483000	1
chr12	111483900	111484600	0
chr12	111484900	111487300	1
chr12	111487500	111489500	3
chr12	111490100	111492300	1
chr12	111500900	111502100	0
chr12	111502600	111503300	2
chr12	111503700	111504400	1
chr12	111508800	111509600	1
chr12	111509700	111511600	1
chr12	111512600	111514700	1
chr12	111514800	111520300	4
chr12	111520800	111522500	1
chr12	111523800	111525700	0
chr12	111526500	111530700	4
chr12	111531300	111532000	1
chr12	111532300	111534200	2
chr12	111534300	111535500	0
chr12	111535900	111537000	0
chr12	111538600	111539300	0
chr12	111539900	111540800	0
chr12	111540900	111541500	0
chr12	111542700	111543600	0
chr12	111544000	111545100	0
chr12	111545900	111547200	6
chr12	111548800	111549500	0
chr12	111549900	111550900	0
chr12	111551100	111552000	0
chr12	111552100	111553700	0
chr12	111553800	111555400	1
chr12	111555600	111556600	0
chr12	111556800	111559300	5
chr12	111559700	111561200	3
chr12	111563000	111565800	2
chr12	111567800	111569300	2
chr12	111569600	111571900	6
chr12	111572200	111574200	2
chr12	111574600	111576000	1
chr12	111581000	111582300	4
chr12	111584800	111585400	1
chr12	111587500	111588200	2
chr12	111590100	111590600	0
chr12	111591000	111592000	1
chr12	111593700	111595600	6
chr12	111596600	111600900	16
chr12	111602100	111602800	1
chr12	111603900	111605200	0
chr12	111605800	111607900	4
chr12	111608200	111609000	0
chr12	111609200	111610500	0
chr12	111612600	111613600	1
chr12	111613700	111614500	1
chr12	111614600	111615100	0
chr12	111615400	111616700	2
chr12	111620300	111621400	0
chr12	111621600	111622100	0
chr12	111623700	111624200	0
chr12	111624300	111625400	3
chr12	111626300	111627400	0
chr12	111627900	111629200	2
chr12	111629800	111631000	0
chr12	111633500	111634800	1
chr12	111635400	111638000	8
chr12	111638400	111640000	3
chr12	111640100	111641200	1
chr12	111641900	111646000	8
chr12	111646700	111647200	1
chr12	111649400	111650400	0
chr12	111650600	111651400	1
chr12	111651800	111652400	1
chr12	111653100	111656900	6
chr12	111657100	111657800	1
chr12	111658800	111659600	1
chr12	111660300	111661100	0
chr12	111661800	111662500	1
chr12	111663400	111667300	6
chr12	111669900	111670700	1
chr12	111671000	111671500	0
chr12	111672300	111676200	7
chr12	111676500	111678200	3
chr12	111679000	111679800	0
chr12	111680000	111682400	0
chr12	111682700	111687900	9
chr12	111688000	111688700	0
chr12	111690700	111691700	0
chr12	111692100	111694700	4
chr12	111694900	111695800	0
chr12	111698900	111699900	0
chr12	111701000	111702600	0
chr12	111703000	111703700	0
chr12	111705300	111706600	2
chr12	111707200	111710300	2
chr12	111710500	111711300	1
chr12	111712100	111713200	1
chr12	111714100	111714600	0
chr12	111714800	111716200	2
chr12	111721500	111722100	1
chr12	111726100	111726700	0
chr12	111727400	111734500	6
chr12	111736400	111737300	1
chr12	111738000	111739600	1
chr12	111740700	111742800	3
chr12	111742900	111743500	0
chr12	111743900	111745700	4
chr12	111745800	111746600	0
chr12	111746900	111749800	7
chr12	111750400	111751500	0
chr12	111752400	111753000	0
chr12	111753100	111755300	5
chr12	111755400	111763500	14
chr12	111764000	111764900	2
chr12	111765500	111770700	13
chr12	111771200	111776800	12
chr12	111776900	111778500	4
chr12	111779300	111782600	4
chr12	111782700	111785600	5
chr12	111787000	111787800	2
chr12	111787900	111788900	1
chr12	111789400	111794000	5
chr12	111794200	111794700	0
chr12	111797500	111798700	1
chr12	111799400	111800600	1
chr12	111803600	111805500	0
chr12	111806300	111806900	0
chr12	111807100	111808000	1
chr12	111808500	111811300	1
chr12	111812200	111814000	4
chr12	111814700	111815800	0
chr12	111817700	111818600	0
chr12	111823400	111824000	2
chr12	111825000	111826300	3
chr12	111826800	111827500	1
chr12	111827600	111829000	2
chr12	111837100	111837900	0
chr12	111838200	111839100	1
chr12	111839300	111844000	13
chr12	111844300	111845300	1
chr12	111845800	111846600	1
chr12	111847200	111848200	0
chr12	111851000	111851500	1
chr12	111853600	111854400	0
chr12	111856800	111857500	0
chr12	111858000	111858700	0
chr12	111858900	111859400	1
chr12	111859900	111861100	3
chr12	111861400	111863800	2
chr12	111864400	111866800	4
chr12	111867000	111872600	8
chr12	111874900	111876700	0
chr12	111878900	111881200	1
chr12	111881500	111890800	13
chr12	111891200	111891700	0
chr12	111892000	111894000	1
chr12	111894300	111895200	2
chr12	111895600	111897100	1
chr12	111897300	111903000	5
chr12	111903600	111904700	2
chr12	111911800	111913700	2
chr12	111918200	111919100	1
chr12	111919700	111920500	0
chr12	111924800	111926100	2
chr12	111926200	111929300	7
chr12	111929800	111933100	2
chr12	111933600	111935200	0
chr12	111935300	111939400	4
chr12	111940400	111942100	0
chr12	111942500	111945900	4
chr12	111946500	111947200	2
chr12	111947800	111949000	1
chr12	111953000	111953700	1
chr12	111953900	111955800	1
chr12	111955900	111956600	1
chr12	111964900	111965800	2
chr12	111966100	111968500	2
chr12	111970200	111970600	0
chr12	111975200	111976800	5
chr12	111978300	111979100	2
chr12	111980200	111980900	1
chr12	111981000	111981900	1
chr12	111982500	111983200	0
chr12	111988900	111989900	1
chr12	111990300	111991100	1
chr12	111991500	111994700	9
chr12	111995000	111995700	2
chr12	111996300	111999300	3
chr12	112000500	112002000	4
chr12	112002400	112004100	2
chr12	112004800	112006900	2
chr12	112007300	112008200	3
chr12	112008900	112015100	15
chr12	112015300	112017900	4
chr12	112018300	112034400	14
chr12	112034800	112035900	1
chr12	112036800	112038100	1
chr12	112038900	112042400	0
chr12	112042700	112044000	0
chr12	112044100	112044600	0
chr12	112045700	112047300	1
chr12	112047400	112051400	4
chr12	112051600	112055400	5
chr12	112056400	112057000	0
chr12	112057100	112057800	0
chr12	112058000	112058800	1
chr12	112059300	112060000	1
chr12	112060100	112061900	1
chr12	112063000	112064000	1
chr12	112065600	112067200	2
chr12	112068000	112069300	0
chr12	112071500	112072300	0
chr12	112073600	112074100	0
chr12	112074300	112076800	1
chr12	112077600	112080200	1
chr12	112080800	112082100	0
chr12	112082200	112084700	2
chr12	112086900	112088500	3
chr12	112089900	112091400	1
chr12	112092800	112093400	0
chr12	112094100	112094800	0
chr12	112095900	112099000	5
chr12	112099200	112100300	0
chr12	112100800	112101500	0
chr12	112102200	112102900	0
chr12	112103100	112104600	2
chr12	112105100	112106900	3
chr12	112107100	112109400	7
chr12	112110300	112111000	2
chr12	112111900	112114000	6
chr12	112115100	112115900	3
chr12	112116300	112117600	4
chr12	112117700	112118500	1
chr12	112119300	112119800	1
chr12	112120500	112121400	0
chr12	112121600	112123400	4
chr12	112124800	112127700	7
chr12	112128200	112128900	3
chr12	112130000	112132300	4
chr12	112132400	112134000	1
chr12	112134400	112135600	1
chr12	112139600	112142500	1
chr12	112143800	112144500	1
chr12	112144700	112146100	1
chr12	112146200	112147700	2
chr12	112147900	112150400	4
chr12	112151500	112154700	4
chr12	112159400	112164800	7
chr12	112165400	112173500	15
chr12	112173600	112174100	0
chr12	112174700	112181700	8
chr12	112182200	112186200	8
chr12	112187100	112187800	0
chr12	112188100	112189500	2
chr12	112189900	112196800	11
chr12	112197000	112201100	3
chr12	112202300	112203000	0
chr12	112203100	112205000	1
chr12	112205800	112206700	0
chr12	112207300	112209200	3
chr12	112209400	112211000	1
chr12	112211100	112213000	0
chr12	112213900	112217400	2
chr12	112217500	112218100	1
chr12	112219000	112220700	4
chr12	112221200	112221900	2
chr12	112222700	112225800	2
chr12	112225900	112229200	2
chr12	112229300	112232300	1
chr12	112232700	112234000	0
chr12	112234100	112237900	5
chr12	112238400	112240600	4
chr12	112240700	112242400	2
chr12	112242800	112244400	3
chr12	112244500	112246000	0
chr12	112246500	112248400	2
chr12	112249200	112253000	2
chr12	112253200	112257600	4
chr12	112258000	112262600	5
chr12	112263700	112264900	1
chr12	112265200	112266600	0
chr12	112267100	112268000	0
chr12	112268100	112268700	0
chr12	112269000	112271900	3
chr12	112272200	112276600	4
chr12	112277200	112278000	0
chr12	112278900	112279900	0
chr12	112280100	112280800	1
chr12	112280900	112281800	1
chr12	112282600	112288200	6
chr12	112288500	112289800	0
chr12	112290700	112291400	0
chr12	112291700	112292900	1
chr12	112294000	112295200	1
chr12	112295800	112296400	0
chr12	112297200	112298600	0
chr12	112298700	112299400	1
chr12	112300200	112300800	2
chr12	112301100	112302000	1
chr12	112302600	112303700	2
chr12	112303800	112306700	6
chr12	112306800	112311000	8
chr12	112311500	112312700	1
chr12	112314000	112318100	3
chr12	112318500	112320200	3
chr12	112320900	112324100	6
chr12	112324300	112325900	4
chr19	12202100	12202900	1
chr19	12293500	12295300	7
chr19	12331000	12331900	3
chr19	12333300	12334200	3
chr19	12365000	12366500	5
chr19	12400800	12401700	4
chr19	12411700	12412500	1
chr19	12440600	12441700	4
chr19	12484400	12485400	4
chr19	12494900	12495900	3
chr19	12521700	12522500	2
chr19	12543600	12545100	3
chr19	12550900	12552100	6
chr19	12563800	12564700	2
chr19	12610400	12611300	4
chr19	12639900	12640800	4
chr19	12647200	12648300	4
chr19	12666300	12667200	5
chr19	12669100	12670200	5
chr19	12671900	12672500	2
chr19	12676100	12677000	3
chr19	12681000	12682200	3
chr19	12696200	12697000	3
chr19	12702800	12703700	3
chr19	12716700	12717500	1
chr19	12721800	12723200	5
chr19	12723500	12724400	4
chr19	12734300	12735100	4
chr19	12736500	12737900	6
chr19	12757300	12758200	2
chr19	12760400	12761200	1
chr19	12765800	12766700	3
chr19	12775200	12776100	3
chr19	12777300	12778200	3
chr19	12779000	12779900	3
chr19	12782100	12783300	3
chr19	12784300	12785200	5
chr19	12789500	12790700	6
chr19	12791000	12791900	4
chr19	12793200	12794100	5
chr19	12796000	12797200	5
chr19	12801500	12802400	5
chr19	12805700	12807200	6
chr19	12814900	12815700	1
chr19	12825000	12826200	3
chr19	12828300	12829100	2
chr19	12830300	12831100	3
chr19	12832200	12833200	2
chr19	12835000	12836900	6
chr19	12838000	12838900	4
chr19	12840200	12841800	5
chr19	12847200	12848200	3
chr19	12867000	12868200	4
chr19	12872100	12873700	5
chr19	12877900	12879900	3
chr19	12880000	12889600	22
chr19	12889700	12895600	11
chr19	12908400	12909300	2
chr19	12918800	12919800	5
chr19	12930500	12936100	12
chr19	12936400	12941800	14
chr19	12945300	12946700	5
chr19	12956800	12957700	4
chr19	12964700	12966100	4
chr19	12974200	12974900	3
chr19	12977600	12978500	3
chr19	12983200	12984100	4
chr19	12985000	12985900	4
chr19	12996300	12997200	4
chr19	13012900	13013900	4
chr19	13016300	13017200	5
chr19	13022500	13023700	5
chr19	13033800	13034700	3
chr19	13051400	13052300	4
chr19	13061100	13062000	3
chr19	13069300	13070300	4
chr19	13079200	13080300	3
chr19	13093500	13094500	4
chr19	13097400	13099000	7
chr19	13102400	13103700	4
chr19	13104200	13105200	5
chr19	13116400	13117200	3
chr19	13117700	13119400	5
chr19	13150000	13150900	4
chr19	13151200	13152300	6
chr19	13152600	13153500	5
chr19	13155300	13156200	4
chr19	13162400	13164400	9
chr19	13172100	13173000	4
chr19	13191000	13191800	3
chr19	13194500	13195000	2
chr19	13195400	13196300	3
chr19	13212600	13213400	3
chr19	13234300	13235400	1
chr19	13247600	13248500	3
chr19	13260800	13261700	3
chr19	13262200	13263100	3
chr19	13276900	13277800	5
chr19	13277900	13278600	3
chr19	13381600	13382600	4
chr19	13396400	13397300	2
chr19	13401100	13402000	2
chr19	13415600	13416300	1
chr19	13428100	13429000	2
chr19	13537400	13538200	2
chr19	13550700	13551500	1
chr19	13582800	13583700	1
chr19	13589000	13589400	1
chr19	48309100	48310000	4
chr19	48314200	48314900	2
chr19	48321100	48322600	6
chr19	48325000	48326600	4
chr19	48332400	48334500	6
chr19	48339100	48339900	3
chr19	48344800	48345700	1
chr19	48351000	48351900	2
chr19	48354400	48355200	3
chr19	48357100	48357500	1
chr19	48362800	48364900	6
chr19	48378900	48379600	2
chr19	48385000	48385800	2
chr19	48390300	48392100	6
chr19	48398300	48400800	9
chr19	48403300	48404200	3
chr19	48415200	48416000	3
chr19	48418400	48419300	3
chr19	48423300	48424100	1
chr19	48424500	48425400	3
chr19	48445000	48446400	4
chr19	48462100	48463000	3
chr19	48468500	48469700	4
chr19	48490900	48491800	3
chr19	48492500	48493900	5
chr19	48501100	48502800	7
chr19	48510300	48511200	3
chr19	48513500	48514500	4
chr19	48553500	48554400	3
chr19	48557900	48558800	3
chr19	48562800	48563900	3
chr19	48564800	48565500	2
chr19	48568100	48569200	4
chr19	48574400	48575200	2
chr19	48584000	48584800	3
chr19	48588600	48589600	2
chr19	48601600	48602000	1
chr19	48608600	48609400	3
chr19	48618800	48620000	4
chr19	48623800	48624700	4
chr19	48633100	48634000	4
chr19	48634100	48635000	2
chr19	48635100	48636000	5
chr19	48637100	48639600	9
chr19	48644500	48645500	5
chr19	48646000	48647200	5
chr19	48651500	48652400	3
chr19	48652500	48653000	2
chr19	48660600	48661700	4
chr19	48675200	48676000	3
chr19	48678000	48678800	2
chr19	48680800	48681700	3
chr19	48685300	48686000	2
chr19	48697900	48698700	2
chr19	48713700	48714900	5
chr19	48720300	48721600	5
chr19	48724600	48725700	4
chr19	48737100	48738100	2
chr19	48738300	48739300	3
chr19	48740900	48742100	6
chr19	48744900	48745900	3
chr19	48746500	48747700	4
chr19	48747800	48748600	1
chr19	48753300	48754700	5
chr19	48755100	48755900	3
chr19	48765700	48766300	1
chr19	48774400	48775100	2
chr19	48780500	48781600	4
chr19	48784400	48785200	2
chr19	48788000	48788800	3
chr19	48794800	48796000	5
chr19	48806400	48807800	5
chr19	48810600	48811400	4
chr19	48812000	48812900	3
chr19	48815900	48816600	2
chr19	48819200	48820100	3
chr19	48829900	48830800	1
chr19	48835400	48836400	4
chr19	48842300	48843100	3
chr19	48844300	48845000	2
chr19	48853700	48854700	2
chr19	48858500	48860700	5
chr19	48866800	48867700	3
chr19	48872000	48874100	7
chr19	48874200	48875100	5
chr19	48876000	48876800	3
chr19	48878400	48879200	1
chr19	48888000	48888800	3
chr19	48890400	48891200	1
chr19	48891600	48892500	4
chr19	48895900	48896800	4
chr19	48899000	48899500	2
chr19	48899800	48900700	2
chr19	48912800	48913700	2
chr19	48918500	48919600	3
chr19	48926800	48927500	1
chr19	48933100	48934200	3
chr19	48942900	48943700	2
chr19	48951000	48951600	2
chr19	48954200	48955300	5
chr19	48962000	48962900	4
chr19	48963500	48964400	4
chr19	48964700	48966200	6
chr19	48967300	48968200	5
chr19	48969600	48970500	4
chr19	48970700	48971600	2
chr19	48975800	48976900	3
chr19	48978600	48979500	4
chr19	48983200	48984100	2
chr19	48991900	48992800	5
chr19	48993000	48994300	4
chr19	49017400	49018300	4
chr19	49019100	49020000	4
chr19	49031500	49032200	1
chr19	49036600	49037300	1
chr19	49038400	49039300	3
chr19	49055800	49056700	3
chr19	49058400	49059300	2
chr19	49071500	49072500	3
chr19	49073400	49074400	3
chr19	49075000	49075500	1
chr19	49081200	49081900	2
chr19	49084500	49085800	5
chr19	49097600	49098500	2
chr19	49106300	49107200	4
chr19	49110500	49111100	3
chr19	49113400	49114800	4
chr19	49116400	49117200	3
chr19	49118400	49119700	4
chr19	49127600	49129900	7
chr19	49133300	49134200	5
chr19	49135800	49136700	4
chr19	49142600	49143600	3
chr19	49147900	49148800	3
chr19	49148900	49151100	7
chr19	49151300	49152300	4
chr19	49154700	49155900	4
chr19	49157300	49158200	5
chr19	49161800	49162400	1
chr19	49176800	49177500	2
chr19	49182500	49183500	2
chr19	49198800	49199400	2
chr19	49200000	49201100	3
chr19	49207700	49208600	3
chr19	49209800	49211100	4
chr19	49213600	49214300	1
chr19	49224600	49225300	1
chr19	49225900	49226600	2
chr19	49266800	49267300	2
chr19	49282100	49282700	1
chr19	49301000	49302000	2
chr19	49327700	49329200	4
chr19	49331400	49332200	3
chr19	49334700	49335500	3
chr19	49338600	49339500	3
chr19	49339900	49340800	4
chr19	49347500	49348400	4
chr19	49363100	49364300	5
chr19	49387800	49388600	4
chr19	49391500	49392500	3
chrX	46796400	46797200	1
chrX	46836500	46837900	4
chrX	46838000	46838800	3
chrX	46911900	46912700	4
chrX	46913600	46914500	3
chrX	46957200	46957900	1
chrX	46978400	46979200	4
chrX	47010700	47011400	1
chrX	47030100	47030900	1
chrX	47047800	47048500	1
chrX	47059300	47060100	2
chrX	47076600	47077300	0
chrX	47093000	47093700	3
chrX	47128900	47129700	4
chrX	47135400	47136100	1
chrX	47144200	47145600	6
chrX	47190300	47192100	7
chrX	47193300	47194100	4
chrX	47197000	47197900	2
chrX	47217600	47219100	5
chrX	47232600	47234100	6
chrX	47264700	47265300	2
chrX	47285200	47285900	3
chrX	47312100	47312800	2
chrX	47321100	47322000	3
chrX	47361800	47362700	3
chrX	47366000	47366900	3
chrX	47380300	47380800	2
chrX	47384200	47385100	2
chrX	47482200	47484400	7
chrX	47523200	47524000	2
chrX	47530100	47530600	1
chrX	47540900	47541700	2
chrX	47542100	47542900	1
chrX	47559800	47560600	3
chrX	47560700	47561900	5
chrX	47562300	47564400	6
chrX	47572500	47573400	3
chrX	47574500	47575400	4
chrX	47577200	47578000	2
chrX	47579300	47580100	2
chrX	47581900	47582700	3
chrX	47587000	47587900	2
chrX	47595500	47596200	1
chrX	47608300	47609200	2
chrX	47619600	47620400	3
chrX	47628700	47630800	6
chrX	47633800	47634500	4
chrX	47647500	47648200	1
chrX	47649000	47651200	6
chrX	47658300	47659700	3
chrX	47662000	47662900	2
chrX	47663100	47663700	3
chrX	47664500	47665400	1
chrX	47675900	47676800	2
chrX	47683200	47684100	4
chrX	47685300	47686200	1
chrX	47706300	47707700	4
chrX	47711100	47712000	1
chrX	47712400	47713200	1
chrX	47752400	47753100	2
chrX	47772500	47773400	1
chrX	47796100	47797200	2
chrX	47802300	47803100	2
chrX	47814600	47815400	2
chrX	47817200	47818000	2
chrX	47831600	47832200	1
chrX	47836000	47838100	6
chrX	47880700	47881500	1
chrX	47936500	47937100	3
chrX	47940600	47941100	2
chrX	47958700	47959500	2
chrX	48003600	48004500	2
chrX	48025400	48026300	2
chrX	48026400	48027300	3
chrX	48083000	48083800	2
chrX	48397700	48398500	0
chrX	48427200	48427600	0
chrX	48429300	48429900	2
chrX	48431800	48432600	1
chrX	48451600	48452300	1
chrX	48461500	48462500	1
chrX	48466400	48471400	15
chrX	48472700	48473500	4
chrX	48473800	48474500	4
chrX	48475100	48476900	3
chrX	48487000	48488100	3
chrX	48491900	48493100	2
chrX	48493600	48494800	1
chrX	48496400	48497200	2
chrX	48498000	48499000	3
chrX	48500500	48501200	0
chrX	48505500	48506300	2
chrX	48508100	48509800	5
chrX	48511300	48512100	2
chrX	48513400	48515100	3
chrX	48520700	48522700	7
chrX	48530600	48532700	4
chrX	48539100	48540600	5
chrX	48547000	48547800	2
chrX	48550100	48551500	3
chrX	48555600	48556200	2
chrX	48557900	48558900	1
chrX	48569800	48570500	1
chrX	48572800	48573300	1
chrX	48573600	48575400	5
chrX	48579500	48580300	3
chrX	48580500	48581300	2
chrX	48582700	48583600	2
chrX	48589500	48590400	3
chrX	48590500	48593400	7
chrX	48595800	48596600	1
chrX	48597000	48598700	6
chrX	48606000	48606600	1
chrX	48611400	48612300	1
chrX	48616300	48618600	4
chrX	48624200	48624700	1
chrX	48626900	48627500	1
chrX	48629300	48629900	1
chrX	48631100	48632700	3
chrX	48636500	48637300	3
chrX	48648200	48649700	2
chrX	48651900	48652500	3
chrX	48667400	48668400	2
chrX	48669300	48670200	0
chrX	48675700	48677400	7
chrX	48680200	48681100	1
chrX	48682700	48684200	4
chrX	48689100	48689900	2
chrX	48694800	48697600	6
chrX	48700700	48701600	3
chrX	48701700	48702600	2
chrX	48709400	48710300	1
chrX	48711800	48712700	3
chrX	48714800	48715800	3
chrX	48715900	48716700	2
chrX	48720300	48721200	3
chrX	48728400	48729300	1
chrX	48736300	48738300	7
chrX	48738900	48739400	0
chrX	48746000	48747000	1
chrX	48751200	48752000	2
chrX	48752300	48753200	1
chrX	48753500	48754600	2
chrX	48761500	48762500	2
chrX	48764800	48766300	1
chrX	48770100	48771400	1
chrX	48776900	48777600	1
chrX	48779300	48780000	1
chrX	48782600	48783500	3
chrX	48784500	48785500	3
chrX	48785600	48787000	4
chrX	48789200	48790100	3
chrX	48793100	48795800	8
chrX	48798200	48798900	1
chrX	48800200	48803000	8
chrX	48812100	48813000	1
chrX	48813300	48814400	1
chrX	48818600	48819500	3
chrX	48822800	48823700	4
chrX	48833500	48834400	3
chrX	48841300	48842200	1
chrX	48848800	48849500	1
chrX	48854500	48855400	2
chrX	48862400	48862900	2
chrX	48863900	48864800	2
chrX	48867700	48868500	1
chrX	48876700	48877400	2
chrX	48883300	48884200	1
chrX	48890200	48891100	3
chrX	48891200	48892300	5
chrX	48896500	48899400	7
chrX	48910600	48912500	7
chrX	48917000	48919600	8
chrX	48919700	48920800	4
chrX	48936700	48938300	4
chrX	48938500	48939400	4
chrX	48939500	48941400	6
chrX	48941500	48942400	2
chrX	48942700	48944400	2
chrX	48945500	48946500	2
chrX	48948300	48949300	1
chrX	48955700	48956600	1
chrX	48957200	48958900	6
chrX	48961300	48962700	4
chrX	48971200	48973100	5
chrX	48975800	48976800	1
chrX	48980100	48980800	2
chrX	48987600	48988600	0
chrX	48998100	48999100	2
chrX	49001200	49003000	7
chrX	49003500	49004300	2
chrX	49015400	49016200	1
chrX	49016500	49016900	1
chrX	49024200	49025000	0
chrX	49029300	49030200	2
chrX	49032800	49033600	1
chrX	49037600	49038500	1
chrX	49039400	49040600	4
chrX	49041400	49044400	10
chrX	49047100	49047900	1
chrX	49053000	49054400	4
chrX	49058600	49061000	5
chrX	49068300	49069100	3
chrX	49073200	49074600	5
chrX	49079400	49080600	5
chrX	49082200	49082900	1
chrX	49083200	49083900	1
chrX	49084400	49084800	1
chrX	49087300	49087700	0
chrX	49089600	49090200	1
chrX	49099700	49100300	3
chrX	49100400	49102100	6
chrX	49106600	49107500	2
chrX	49119900	49120700	2
chrX	49123100	49124100	4
chrX	49127500	49128200	1
chrX	49129200	49130000	2
chrX	49139400	49140400	2
chrX	49142000	49142900	1
chrX	49148400	49149400	5
chrX	49150100	49150800	2
chrX	49154900	49157100	7
chrX	49161600	49162200	1
chrX	49163200	49164800	3
chrX	49165800	49168000	6
chrX	49168500	49169000	1
chrX	49171400	49173100	5
chrX	49174500	49178200	9
chrX	49183900	49185200	5
chrX	49185900	49186900	4
chrX	49188500	49190400	4
chrX	49190600	49192200	5
chrX	49192500	49194100	5
chrX	49197800	49198600	4
chrX	49199700	49200900	5
chrX	49209600	49210500	1
chrX	49211800	49212800	2
chrX	49214100	49215100	2
chrX	49221800	49222500	1
chrX	49226800	49227500	1
chrX	49230100	49231600	7
chrX	49235100	49236200	4
chrX	49236800	49238000	3
chrX	49240100	49241100	1
chrX	49241500	49243300	3
chrX	49243900	49244900	1
chrX	49253600	49254300	1
chrX	49256800	49258600	4
chrX	49260100	49261000	4
chrX	49268600	49270400	6
chrX	49270800	49271700	3
chrX	49273000	49274000	3
chrX	49282300	49283400	1
chrX	49291500	49292900	4
chrX	49307600	49308400	1
chrX	49308600	49310300	4
chrX	49311800	49312900	1
chrX	49315800	49316700	1
chrX	49626700	49628000	2
chrX	49634000	49635000	0
chrX	49635100	49635900	1
chrX	49656300	49657200	1
chrX	49673400	49674100	1
chrX	49695600	49696500	1
chrX	49754000	49754800	3
chrX	49828800	49829700	2
chrX	49838200	49839000	1
chrX	49840500	49841400	1
chrX	49856500	49857400	1
chrX	49859200	49860100	1
chrX	49860600	49861800	2
chrX	49861900	49862800	1
chrX	49868500	49869300	1
chrX	49876500	49877400	2
chrX	49878600	49879900	4
chrX	49884100	49884900	2
chrX	49915300	49916300	2
chrX	49919300	49920200	2
chrX	49920900	49921800	2
chrX	49922100	49923000	3
chrX	49923200	49924000	3
chrX	49924600	49925500	2
chrX	49926300	49927100	1
chrX	49976500	49977400	2
chrX	50046100	50046800	2
chrX	50067900	50068700	3
chrX	50071500	50072300	2
chrX	50136000	50137400	2
chrX	50176900	50177700	1
chrX	50180400	50181200	2
chrX	50183700	50184700	2
chrX	50198200	50199100	1
chrX	50204200	50205100	3
chrX	50448400	50449200	1
chrX	50579700	50580600	1
chrX	50691500	50692300	2
